,state,part,avg_eng,avg_math,avg_read,avg_sci,composite,year
0,Alabama,100.0,18.9,18.4,19.7,19.4,19.2,2017
1,Alaska,65.0,18.7,19.8,20.4,19.9,19.8,2017
2,Arizona,62.0,18.6,19.8,20.1,19.8,19.7,2017
3,Arkansas,100.0,18.9,19.0,19.7,19.5,19.4,2017
4,California,31.0,22.5,22.7,23.1,22.2,22.8,2017
5,Colorado,100.0,20.1,20.3,21.2,20.9,20.8,2017
6,Connecticut,31.0,25.5,24.6,25.6,24.6,25.2,2017
7,Delaware,18.0,24.1,23.4,24.8,23.6,24.1,2017
8,District of Columbia,32.0,24.4,23.5,24.9,23.5,24.2,2017
9,Florida,73.0,19.0,19.4,21.0,19.4,19.8,2017
10,Georgia,55.0,21.0,20.9,22.0,21.3,21.4,2017
11,Hawaii,90.0,17.8,19.2,19.2,19.3,19.0,2017
12,Idaho,38.0,21.9,21.8,23.0,22.1,22.3,2017
13,Illinois,93.0,21.0,21.2,21.6,21.3,21.4,2017
14,Indiana,35.0,22.0,22.4,23.2,22.3,22.6,2017
15,Iowa,67.0,21.2,21.3,22.6,22.1,21.9,2017
16,Kansas,73.0,21.1,21.3,22.3,21.7,21.7,2017
17,Kentucky,100.0,19.6,19.4,20.5,20.1,20.0,2017
18,Louisiana,100.0,19.4,18.8,19.8,19.6,19.5,2017
19,Maine,8.0,24.2,24.0,24.8,23.7,24.3,2017
20,Maryland,28.0,23.3,23.1,24.2,2.3,23.6,2017
21,Massachusetts,29.0,25.4,25.3,25.9,24.7,25.4,2017
22,Michigan,29.0,24.1,23.7,24.5,23.8,24.1,2017
23,Minnesota,100.0,20.4,21.5,21.8,21.6,21.5,2017
24,Mississippi,100.0,18.2,18.1,18.8,18.8,18.6,2017
25,Missouri,100.0,19.8,19.9,20.8,20.5,20.4,2017
26,Montana,100.0,19.0,20.2,21.0,20.5,20.3,2017
27,Nebraska,84.0,20.9,20.9,21.9,21.5,21.4,2017
28,Nevada,100.0,16.3,18.0,18.1,18.2,17.8,2017
29,New Hampshire,18.0,25.4,25.1,26.0,24.9,25.5,2017
30,New Jersey,34.0,23.8,23.8,24.1,23.2,23.9,2017
31,New Mexico,66.0,18.6,19.4,20.4,20.0,19.7,2017
32,New York,31.0,23.8,24.0,24.6,23.9,24.2,2017
33,North Carolina,100.0,17.8,19.3,19.6,19.3,19.1,2017
34,North Dakota,98.0,19.0,20.4,20.5,20.6,20.3,2017
35,Ohio,75.0,21.2,21.6,22.5,22.0,22.0,2017
36,Oklahoma,100.0,18.5,18.8,20.1,19.6,19.4,2017
37,Oregon,40.0,21.2,21.5,22.4,21.7,21.8,2017
38,Pennsylvania,23.0,23.4,23.4,24.2,23.3,23.7,2017
39,Rhode Island,21.0,24.0,23.3,24.7,23.4,24.0,2017
40,South Carolina,100.0,17.5,18.6,19.1,18.9,18.7,2017
41,South Dakota,80.0,20.7,21.5,22.3,22.0,21.8,2017
42,Tennessee,100.0,19.5,19.2,20.1,19.9,19.8,2017
43,Texas,45.0,19.5,20.7,21.1,20.9,20.7,2017
44,Utah,100.0,19.5,19.9,20.8,20.6,20.3,2017
45,Vermont,29.0,23.3,23.1,24.4,23.2,23.6,2017
46,Virginia,29.0,23.5,23.3,24.6,23.5,23.8,2017
47,Washington,29.0,20.9,21.9,22.1,22.0,21.9,2017
48,West Virginia,69.0,20.0,19.4,21.2,20.5,20.4,2017
49,Wisconsin,100.0,19.7,20.4,20.6,20.9,20.5,2017
50,Wyoming,100.0,19.4,19.8,20.8,20.6,20.2,2017
51,Alabama ,100.0,18.7,18.1,19.5,18.8,18.9,2019
52,Alaska ,38.0,18.9,19.9,20.9,20.2,20.1,2019
53,Arizona ,73.0,17.9,19.2,19.3,19.0,19.0,2019
54,Arkansas ,100.0,19.0,18.7,19.6,19.2,19.3,2019
55,California ,23.0,22.4,22.3,23.0,22.2,22.6,2019
56,Colorado ,27.0,23.8,23.3,24.3,23.4,23.8,2019
57,Connecticut ,22.0,25.9,24.7,26.1,24.8,25.5,2019
58,Delaware ,13.0,23.9,23.1,24.7,23.5,24.0,2019
59,District of Columbia ,32.0,23.6,22.7,24.4,22.9,23.5,2019
60,Florida ,54.0,19.5,19.5,21.2,19.7,20.1,2019
61,Georgia ,49.0,20.9,20.7,22.2,21.2,21.4,2019
62,Hawaii ,80.0,17.9,19.2,19.2,19.2,19.0,2019
63,Idaho ,31.0,21.9,21.9,23.4,22.2,22.5,2019
64,Illinois ,35.0,24.5,23.8,24.7,23.7,24.3,2019
65,Indiana ,29.0,21.7,22.3,23.1,22.2,22.5,2019
66,Iowa ,66.0,20.8,21.0,22.3,21.8,21.6,2019
67,Kansas ,72.0,20.5,20.7,21.8,21.1,21.2,2019
68,Kentucky ,100.0,19.5,19.2,20.5,19.6,19.8,2019
69,Louisiana ,100.0,18.7,18.2,19.2,18.8,18.8,2019
70,Maine ,6.0,24.2,23.8,25.1,23.7,24.3,2019
71,Maryland ,28.0,22.0,21.7,23.1,22.1,22.3,2019
72,Massachusetts ,21.0,25.5,25.2,26.1,24.8,25.5,2019
73,Michigan ,19.0,24.5,24.0,24.8,24.0,24.4,2019
74,Minnesota ,95.0,20.3,21.4,21.7,21.6,21.4,2019
75,Mississippi ,100.0,18.1,17.9,18.9,18.4,18.4,2019
76,Missouri ,82.0,20.3,20.2,21.3,20.8,20.8,2019
77,Montana ,100.0,18.7,19.7,20.6,19.9,19.8,2019
78,Nebraska ,100.0,19.4,19.7,20.3,20.2,20.0,2019
79,Nevada ,100.0,16.8,18.0,18.2,17.9,17.9,2019
80,New Hampshire ,14.0,24.9,24.7,25.6,24.5,25.0,2019
81,New Jersey ,25.0,24.3,24.0,24.6,23.6,24.2,2019
82,New Mexico ,63.0,18.1,18.9,20.0,19.6,19.3,2019
83,New York ,22.0,24.1,24.1,25.0,24.4,24.5,2019
84,North Carolina ,100.0,17.8,19.2,19.4,19.0,19.0,2019
85,North Dakota ,96.0,18.6,19.9,20.3,20.2,19.9,2019
86,Ohio ,100.0,19.0,19.9,20.5,20.1,20.0,2019
87,Oklahoma ,100.0,18.2,18.3,19.6,19.0,18.9,2019
88,Oregon ,42.0,20.3,20.8,21.7,21.1,21.1,2019
89,Pennsylvania ,17.0,23.3,23.1,24.1,23.2,23.6,2019
90,Rhode Island ,12.0,25.0,23.9,25.5,24.0,24.7,2019
91,South Carolina ,78.0,18.0,18.7,19.4,18.9,18.8,2019
92,South Dakota ,75.0,20.7,21.3,22.2,21.9,21.6,2019
93,Tennessee ,100.0,19.1,18.9,19.7,19.2,19.4,2019
94,Texas ,39.0,19.5,20.4,21.1,20.6,20.5,2019
95,Utah ,100.0,19.5,20.0,20.8,20.3,20.3,2019
96,Vermont ,20.0,23.9,23.3,25.0,23.9,24.1,2019
97,Virginia ,21.0,23.8,23.3,24.8,23.6,24.0,2019
98,Washington ,24.0,21.3,22.1,22.7,21.9,22.1,2019
99,West Virginia ,49.0,20.6,19.7,21.7,20.7,20.8,2019
100,Wisconsin ,100.0,19.4,20.2,20.4,20.6,20.3,2019
101,Wyoming ,100.0,18.8,19.4,20.4,20.0,19.8,2019
